%YAML:1.0
---
calibration_time: "Fri May 26 18:19:59 2023"
image_width: 1280
image_height: 720
board_width: 7
board_height: 7
square_size: 1.
flags: 0
camera_matrix: !!opencv-matrix
   rows: 3
   cols: 3
   dt: d
   data: [ 5.6235646134431738e+02, 0., 6.6657664364034690e+02, 0.,
       5.1284928523825090e+02, 3.3791116498155083e+02, 0., 0., 1. ]
distortion_coefficients: !!opencv-matrix
   rows: 5
   cols: 1
   dt: d
   data: [ 6.1257757198820761e-01, -1.8759103395537078e+00,
       3.9747079242146398e-03, -3.1147676693509406e-03,
       1.3157781444336374e+00 ]
avg_reprojection_error: 6.9527582466251925e-01
